LOOORUM.

01111111, 399.

0111111111, 354. ,

01111111, 11111111, 167, 168.

0111111111, 11111 de, 349, 350, 357. .

0111111111, 107.

01111, 362, vide Kolly.

Collystoun, (0111111111) tetrade, 277, 285,
2903 ΙΙ, 223, 274.

011ρί1, 31.

01111111, (01111111) 111111 11112181 11.,
274. .

01111111, (0111111111, 01111111) 55, 58,
73,160.

0111111101, 221.

11], 11111111, 11, 11, 111.

011111, 877. ,

0111111111, 11111111, 87, 88, 135.

011111, 377.

0111111111,(011111111111,)11111 de, 202,
203, 217, 452.

0111111247.

0111111111, ΙΙ, 195. ι

0111111111, burn of, 248.

Cortymure, 11111111, 439.

011111111111, 1111111111, 309. ,

0111111(01111111,)11111111,391 ; 11., 225.

011111, 11111111, 244.

0111, ΙΙ, 52, 55.

0111111111 de, 209.

0111111111, 375.

cumton, 111111.

111111, 11, 111. 111, 11,11,11.

coventre, 11., 100.

coy, 111111, 360.

01111111, 1111111459.

11111111, 111.

’ · 11111111111111. ·

0111111111, 111111 111, 365.
0111111111, 110111111111, 409. 416.
0113111111, (0111111111) ³543 ΙΙ, 225.

. ,, 0111111111, 44.

(111311, new, 436.

-- 111111, 136.

0111111111, (0111111111, 0111111111) 351,
11., 53, 56, 65, .71,’94, 97, 107, 252,
254.

0111111, croft, 456.

creythi, 11., 52, 55.

0111111, le, 62.

0111111111, (01111111) 1111111111, 85, 379;
11,11,11,11,11,11, 11. .

0111111(01111,)11111111, 11111, 420, 423,
427; 11., 201, 211, 213, 222. 228.

Crwkit-myir, 11, 216,

0111111111, 11., 287.

0111111111, 11111111 de, 130.

· culsamuel, ecolesinae, 24; 11., 11, 11. “

11111, culae, 111 ; 11.,11,11,111,111,
111.

7 -1111111111, 289.

cupro, 111111111111111, 42; 11, 126.
0111111111, 11., 52, 55.

⁸ , 0111111111111111111154. ,

0111111111, (1111111111, 0111111111, Dum·
1111111, Ι)111111111,1)1111111’11,) 11, 255.
- 11111111 de, 3, 35, 380 3 11., 54, 66,

11, 11, 111, 111.
- tem de, 11, 11, 111, 111, 111,
210, 271 3 11., 94, 152.

 

