370 INDEX

Β114454-Βίεο1511, 145114 51, 247; 11, 126.
—- 1414 51, 248.

x 3451114411, 174.

- comitatus de, 242.

-- decanatus de, 357 3 11, 52, 56.
- tem de, 51, 55, 11.

- 45144 burgus in, 11, 276.
3411441115, regnum, 11., 304.
3411551555, 354.

04141115, 5415114115, IL, 151.

041414514411515, 11, 279.

044151111, 245.

04511511, (04445) 14111, 246, 250.

05441, 1514 51, 249.

01441141115411, 357.

0411511545, tetrade, 309.

0411544151115, 46.

051141455411445, 151, 155.

0415111511, (041541551,) 43. ’

0414415115, 11.

0414541141, (0414511111) 58, 353.

04515115115, 15114115, 55, 58.

044115154, 357.

cathenensis 51155514144, 11, 51.

0451144511, 384.

0155151,15, 71.

0114141441, 11., 66.

0145145115, 309.

014111111415114 de, 391 3 IL, 216, 225.

cm, (cmm) 11, 55, 151, 151, 155115,
111, 151151. ’

-- 55515414 (15, 4, 6, 7, 3, 85 ; 11., 40,
54, 55, 66, 71.

-mansio (1571, 291, 411.

(1141411535115115, 555, 515; 11,
126.

- 11114 de, 370, 379.

-— 11415414 51, 300.

- 1111111544 51, 438, 447, 448, 449.

5- molendinum 15, 226, 233.

0141114141, 377.

0154151151, 44.

0154415551, 55515415 de, ΙΙ., 316.

0154115111, 44.

515511, 115, 111.

01545, (011145) de 1114114, 12, 376.

-- mter, 515, 111 115.

- 1154151, 376.

-- 111111, 251.

- 4115115, 251.

-- mid, 429.

0151511, 5551541415, 3, 29, 102, 103, 384,
QQQQQQMMQ

—-· monasterium de, 6, 85.

-- 11454114 de, 5.

-- tem de, 155, 151, 555, 155.

01441, 11., 52.

0114114, (01141155) 15114 (15, 43, 135,
111155. ’

- molendinum 115, 445, 446.

0445111411, 15114115, 30.

0451141144, 15114115, 25.

045511, 30.

0455111414, 30.

coebum, 111414 (15, 176, 188.

05411114411111114115, 176, 138,

0511141545, (0511114144, 0511414145) IL,
51, 55, 55, 11, 51, 55, 55, 151, 151,
255. ·

cokuki, 14114 de, 31.

 

