369 INDEX

21616666, nomenoius, 293.

·-·- Willnlmne, 343, 344, 433 3 IL, 114,
229.

- Η6611666, 326.

- David, IL, 113.

Thyrletnne, Willnlmns, 165.

2166161, Vincentius, IL, 312, 313.

2616816166, IL, 279.

26166111, 7761161116 06, 177.

26661666166, ΙΙ., 224.

2616616611, 16166666, 11, 232.

2161, (Ti-nile, Trayle,) 56166666, 234ς
ΙΙ., 332.

--· Alexander, 3043 IL, 140, 142.

⁴-- 2166166, 211, 2933 IL, 53, 200,
211, 232, 233, 234.

-- David, 253, 281.

21666, 06011066 06, IL, 131, 153.

216666, 1161661666 06, 153.

2611111661, 11161661 06, 106.

2616666, 0111616616, 166.

2611663666, 01166666, 302.

261116666611, prebendarius de, IL, 163,

, 170,171.

261131613616166666 11616111 06, 262.

261661, (26161,)561166666, 172, 233.

-- 21161666, 217.

Tnlydell, 16166666 06, 202, 234, 283,
298, 300.

- Willelmun de, 202, 214, 215 ; IL,
152, 232.

- 6111161616, 611, 611, 666.

2666611, Thomna, 203.

2616661, 01161166, 11066, 372.

- 16166666, 372.

- 16166666, junior, 372.

261]66,(261161,)27111616ι6606, 105, 450.

- 11601666, 202.

26611, 1611611666, 326.

Tyningheme, (Qninnynghnm, 21661163-
116616,) 11066106, 124.

-116666116 166, 161, 166, 166,
161, 161661, 611, 616, 661, 661,
661;11,161,146111,116,166,116
163.

Urbanus lv, pepe, 239.

-- V, 6666, ΙΙ., 57, 50.

·-- 1116666113.
Urqnhnrt, 16166666, 11, 93, 120.

aneney, (7616666,)161166666, 371.

-— 1111666666, 376.

—· David, 377.

- 1161161166, ΙΙ., 297.

Valerianus, IL, 123.

7611166161166666, 233.

·- 2161666, 329.

7061161666, 295, 237.

vallibus, 16166666 06, 171 11, 268.

Vnus, (Vane, 11666) 1116610116 06, 210,
616, 661, 666, 661, 116, 616 ; 11, 666.

- Alexander, 307, 315, 321, 337,
616, 11, 61, 666, 661.

-16166666 de, 222, 240, 245, 314,
321; IL, 213.

-,- eilbertus, 616, 611, 311, 666, 666 ;
IL, 236.

- Η6611666, 254.

-- 1161161106348.

 

