. 368 INDEX

Ardefrom, 377.

88188888, 747.

Ardgmntane, 18818 of, 748.

8818878118, 5, ll.

Ardingross, 77.

mmmm

8818888818, 17, 376.

88888187, molendinum (18, 798, 794.

8811888, (881188) 707, 711, 718, 884,
*ΜΜΜΜΜΜΜ
307; IL, 157.

873788, piscaria (18, 84.

8811887), tom (18, 775.

88187811), 84.

888181), (8888481), 88818118) 373.

Amtuly-hnrd, 445.

8888881781, 357.

Arm, 708.

Arthmily, nemon de, 854.

8878871887, 793.

8171888, 745, 748.

Auchindoyr tem ,(18, 387.

8887188888), 385.

8887188888, 363.

88871878868887, 308, 474, 444.

88871888, (8887188788) tunde, 771,
mmmmmmm
153.

- vill· (18, 773, 774.

8887188718, 749, 750.

888718887881, tem (18, 458.

Auehlyne, 373, 449.

8887888888, tem (18, 477.

88878811, 356.

8887888881, tem (18, 437.

8887887881), tem de, 757, 753.

88871781, 377.

8887887818 (8881187818) 377, 373,
445.

8887381718, 389, 431.

8887881888, 377.

8887)888181,(8887188181(,) 57 ,· 11, 704,
mmm

88188888, (88811888.

888818, 178, 137, 133 ; ΙΙ, 173, 174.

8γ88, foresta de, 2163 11„ 149.

8888818304.

380181781, 8, 84.

8888878788, (88678788, 11868788, 11816-
8788 3868887818) tem (18, 108, 111,
136, 174, 175, 377.

1181781788, 57, 357.

1181488), 58, 357.

Baldwiniston, (8818877818188) 8, 84.

aulnay, (888888.) aa nrm, tem 8,
mm

11811888, (18 Brun, tem (18, 17, 377, 373,
444.

17817818), 11,54, 56, 717, 764.

-QOmanm
lffiffimfflfflwffifflst
56, 85, 71, 76, 77, 94, 98, 107185,
757.

- ecelesia (18, 6, 7, 379.

-- 1188818), 356.

-- 88881, 356.

1187888), 356.

 

