35⁰ INDEX

Lyndeoey, 116111 16, 661666 eumd„
(6116 1116616116.)

- 16166661661166, 266, 266.

-- 1116166161, 16 66116111, 209, 331,
347, 328 3 11., 91, 226.

-166161 6661661161, 611, 616,
346, 347, 354, 392, 393, 396, 418,
166, 4⁵83 11., 66, 111, 1111616616,

- Agnes, 413.

-- 11611116, 11, 266.

Lyon, (laynam) 16661166, 211, 11., 140,
202, 216.

- Alexander, 11, 197.

-16666116,(116661,1166616,) 111616-
1661111, 144, 160, 167.

11661616, 1166666611, 12.

1166611611, 11161661, 60.

1166161661, 1111661166, 606.

1161111, 16166666, 73.

1161161666, Alexander, 260.

1161ςί166166, 2611161111, 366.

-- 1166661166, 369.

1161ςί116116, 1161661661, 366.

-- 16166666, 666.

1161161116, 1166116116 367; 11, 06.

1161116666, David, 604.

1161611111, (malevile, 11616611, 1161611111,
11616116, 1161611.) 1161111166 16, 10,
11.

-- Andreas 16, 67.

-- Gregorius 16, 16, 17.

-- G. 16, 166.

1161611116, 16166666 16, 16 1161616666,
30, 34, 258, 258, 265, 266.

⁸ - 1166666111, 41.

-- 1666161 16, 201.

- 1161661616 269.

- walterus, 11, 276, 279. 260,
281.

-- 6631661166, 11, 261.

-6111116, 11., 260, 261.

1161661666,161,260,261 3 11, 126, 246,
247.

-- rex, lv, 6, 4, 7, 6, 6, 12 ; 11,
125.

-— 1111116 66611116 11666661, 10.

-111166 1161116611, 11.

-- 1111116 willelmi, 73.

1161616666, 1666161, 360.

malisei, 11616666 214.

11611161 1666666, 66.

-6116666161116 2611611, 14.

1161116666, (11111166, 1161166666, 11111·
66666) 1611611666, 11., 226, 264.

-- (1111611111, 11., 226.

--·- 1161661616 160.

- Agnes, 620.

- (1111611, 397 ; 11., 226.

- 1616111166,11., 96, 98, 114, 160, 217,
226, 234.

-- 1161161166, 11, 66.

11616616, persona 16 Tana, 16. ,

11611661, (1116116166, 666.

1166166616, 2111161666 16, 11., 130, 166.

Mane,d0111in111 16, 11., 261.

11661, Andro, 442.

- John, 111.

11161611, Thomu, 201, 216.

 

