1

LOOORUM. 381

11, 11, 111, 111; 11., 11, 11, 11, 11,
11111. ’

1111111111,1111111111111111111111,351,352,
aso;11., 11, 111, 111, 111.

-- 1111111131, 47, 3341 11., 53, 56,
11, 111.

Rothymuyug, 1111111111 do, 50, 53, 157,
111, 111.

Romu-utin, tenementum 11111111, 231.

Buddreistoun, 11111111, 393, 395.

Itym, 1111131, 251.

saneti 1111111111, 111, 111, 111,
3363 11, 310, 311.

- diopetis, 19, 20, 23, 24 3 11., 292,
316.

- euoluit, 10, 53.

-111111111111, 3⁶93 11., 51.

- conventu· frutrumpredioetorum, ΙΙ,

010101

Sancti Johuuni· de Torpheoheu, 11111111,
111. ’

St. John, templo 11, 217.

3111111111ῃί1, bum 11 243.

S. 11111111 magdalene, 111111, 11., 223,
220.

1111111111, unpelluuiu, 8803 11, 35, 90.

-111111111, 11., 111, 111111.

- 1111111111, 11., 1111.

3111111, rivulus de, 25.

seben, (suein, Skene‚) 11111 de, 17, 57,
240, 416 3 ῙΙ., 109, 149, 132.

3111101311, 43.

311111, (31111, 3111111) 1, 5, 1,1,11,
111, 111, 11., 111.

soona, 11, 71, 111, 1111111.

3111111, (reguum 311111,)394; 11., 21, 195,
οΜ00οω00οῃ0
313.

3111111 ecclesia, 11., 5, 20.

3111111111, 245.

Semne, tetrade, 11., 231.

31111111, 11, 52, 270.

311111, 11111· und 11111111, 351.

- rupes de, 35 4.

Smythis-hulch, tem de, 46.

Smythtwuster, 11111111, 111.

spx, 1111111101, 1111111131, 111,

’ 111, 111, 11., 111.

Spyttulhills, crustu 40, 4321 11, 233,
233.

3111111111350.

stellis, 34.

31111111, forestu del, 46.

3111111111 11., 233.

stabulm (strathbolgp) 1111111111, 133,
199, 200.

31111111, 1111111111, 55, 153, 100.

3111111111, 14.

3111111111, (3111111111) 3, 170, 171, 200,
111, 111, 111, 11.,211.

- 111111111111111111111, 350. .

-- 1111111111 futrum predicatorum de,
11, 111, 111. .

3111111111, iu Κ111111111111011111, 354.

31111111, 33.

31111111, rivulus, 30.

311111, uquu, 31.

 

