55555555. ’ 555

Mydlettroun 15, 11, 99, 100.
Myltoun 15 Κ155551155 05515, 354.

Ν555, vicecomitatus de, 59.

Ν51111515,(Ν518151515, Ν51551515, Ν511555-
1515) 1855531555 15, 58, 58, 181.

- tetrade, 949, 358.

11558111, 1555515, 899.

11555515, 855551, 849, 849.

Nethyunanys, IL, 805.

1155853153, 385.

1155855381, 11., 880, 888.

1155155115, 1555515, 881, 888; 11, 808,
808, 818, 894, 895.

1155555555, 1555515, 488.

1155555355, 5115115355.

⁸ 1155555111, 483.

1155155, terra de, 88.

81585151, Sancti, prebenda, 11., 71.

1155555551, 51115, 85.

North, 5355 15, (que 055 1151155) vide
Don.

' Obyne, (08155, 085355, obem) 55, 57,
mmefflwQffl
&m

-- ecolesinae, 11, 871, 878, 873.

05515, 17, 357.

-- tom 15, 11., 875.

051, (0515) 857.

—- 1511558555, 5⁸.-

Ordiquhill, 884.

05155115, 188.

0151515), 159.

0555, (05535) 535515, 8973 11., 899.

055815585555, 15115555, 18.

058115115, 5115058151555, (0518115115, 05- .
1855155) 8, 7.

- baronia de, 180.

- 5551551515, 85; 11., 58.

0535, (0555, 05355, ovyn, 0yn0,) 879;
meQffiQmme
854.

- 5551551515, 7, 807 ; 11., 40, 58, 55,
QQM

— 5555581515, 11., 87, 808.

- 1555515, 818.

85551, (85551, 85553) 15 Bru, 51115 15,
mmmmm

85515 (855515) 458; IL, 198, 807, 818.

85135515, 11., 874.

8551,15, 15 1115155, IL, 889.

85555113, 858. ’

QOmmem
wammmfflffl,
301.

- 55555515515515555355115515555515,
mm '

85518 853, 5111515, 851, 888, 481.

8518555558, (8588555558) 58,181.

8515851115, 370.

851585558555, 1555515, 58, 58, 871 ; IL,
158.

851551551535, 11.

85138553, (85131555) 851, 389, 481, 484,
mmm

Petgowny, 187,188.

8518155155, (8511551555) 5, 84.

 

