LOCORUM.

35155111551515, 31.

35155555, smody 51, 246.

3511155555, terra (15, 241.

3515505115, de 35555, tetrade, 12, 309,
376.

3515511551, 1555535, 374.

3515515555, 1155551515, 351.

3515515555, terra (15, 283; ΙΙ, 231.

35555555, (3555511551) ΙΙ, 94, 96, 08,
93, 107,135.

- 5155555, 55515515 (15, 7, 35, 37 9 3 11.,
mstffiffiwmssss

- -- tem 35, 7, 55, 55, 112, 1³5,
160,356.

- -15555, 55515515 (15, 22, 24, 327 ; ΙΙ,
ww

35511, 8, 158, 356, 357, 353, 359, 409;
Π, 223.

-ffiQmmmma

—- 55515515 (15, 22 3 11„ 53, 56. ,

—- vicecomitatus (15, 4,7, 6, 9, 12, 17,
18, 35, 50, 56, 57, 58, 70, 73, 74, 86,
vwfflwmmmffl
mmmmme
mmmm

35555105511, 189.

3555155555,(351555511·5,)15555, 423, 432.

3511515555, 357.

3511556, 363. .

35115565, tem (15, 431.

3511515511, 274.

3515555155, 250.

3155555555, terrula (15, 251.

Bln‘rdamuch, 37 7.

3151515515, tem de, 111, 174.

31515551, villa (15, 297.

555.55 3 Δ

31511551, 247.

3155151555, 11, 239.

3555515551, 58, 357.
Bogysehelloeht, 15555 of, 451.
35355155, 377.

35185511, 437, 447.

Bolgy, 249, 364,

Bondyngton, terra de, 26.

35115155, 55515515 (15, 223 ΙΙ, 53, 56.
35513515, 390.

3555155, 9.
&Qmwwwww
—- Westfield 15, 168.

Boyn, (Buyn‚) thanagium (15, 56, 58, 73,

&decanatus (15, II.‚ 53, 56.

...- 1555515 (15, 216,· ΙΙ.,149.

3556055, 375.

3555155555, 370.

3551555511 11., 226.

3555655, 356.

3551175555, 11., 301.

35555, (Bm) 55515515 (15, 8, 95, 371 ; 11„
ww. ’

—- terra (15, 12, 15, 135137, 218; 11,
m ⁴

—- 15555515 (15, 12, 15, 377, 378.

Brassbeg, 371.

3555555515, 371.

3555555551, coru of, 247.

35551555, ΙΙ, 161, 168.

35555555551555155555155, ΙΙ, 51.

Brony, torrens de, 209. ,

355551551556, tetrade, 115, 193, 231.

3575555, (Bymes, 3555555) tetrade, 80,
135, 136, 419.

 

