880 INDEX

Menoe, (Ροι151151,1’411141151,) tem
&wmmm

Pethmnlwhy‚ (141551551315114114, 08,
54111.

Petnabrungune, 357.

15114554, 51114114, 851.

Ρ4145151114, (84145154) 5, 84.

14114141, 15114114, 456.

84114551, 368, 481.

Petyubruyan, (Petnabmynnm) 55, 58,
161.

Petyndreke, (Ρ411155141554) 58, 358.

Ρ5115115, (8115115) 5415514 114, 877,
878.

-455144141476, 77,78,80,100, 101,
3803 IL, 53, 58, 88, 71, 84, 97, 107,
158, 853, 854.

Pittolly, 145514 51, 847.

Poleryk, 14114114, 853.

Polgowny, (151355455351454114114, 11.‚
38.

—- pons de, 881 ; 11, 884.

Ρ51545545511, 43.

Portlethyn, 11114114, 888.

Ρ515155151454114114, 854.

Ρ155515, 55515414 de, 253 11, 53, 55.

·-- 11115114, 85.

1144141444, 160.

17514551, rivulus 115, 80, 31.

0551155144 11, 881.
0551151555, 488.
0551151455, 445.

(1515555514, 11„ 874.
114114, (1141114) 80, 88, 117, 131, 164,

183, 180, 801, 803, 806, 814, 816,
2mmmmmmmm
Qmm

11414, 4514, 515, 445, 455, 441, 441, 444,
444.

- 1155115554 51, 886, 451.

·-- 45515414 de, 6, 71 Π, 40, 54, 55.

-- 5111115415 51, 480, 455.

- new, 489, 435.

-- 4551151144, 7, 8,106, 175, 808,
mmmmffim ,

-- 15114 de, 10.

—-· villa de, 6, 85.

115155515411, (8515551454) 45514415 de,
mma&

Rnty, 357.

85555145454555, 377.

1145545554, 14114114, ΙΙ, 870.

1154115, 44.

1141115, 15 1155511515, capella 8511514 515114
111,14.

—- villa de, 14.

1144455114, 374.

1151115 86, 858, 3501 11, 858, 801.

1155455155, 45515414, 11, 5, 868.

1154445414 episcopatus, 11, 51.

8555554114, capella 114, 84.

115441, 5111541155 de, 888.

1151541544, (nonnae, 1151555144) 10
388.

-- 14114115, 88, 58, 60, 68, 801, 808,
814, 315, 388, 488 ; 11, 152.

1151511449.

1151511515, 861.

1151551511, (11515111, 11415115, 11581145,
11515155, 11515115511515145, 11415145.)

 

