984 INDEX

0011101, (0111110110) 3010110111ηο de, 244,
111, 000, 000, 011, 011 ; 11. 01.

- Willelmus, 367, 368.

--- Alexandri 1011010, 869.

-— lobannis 3111110, 868.

00111010, vide 0110110101,(0001011,) 1101101-
1110 110, 89, 109.

-- 1011000110 110, 106, 107, 168, 164.
231, 232, 233, 237.

- David, 304.

- Willelmus 110, 118, 124,185,142,
110,115,110,111,110111,100, 101,
202, 205, 206, 224, 227, 273, 303, 304,
305 ; II, 204, 295, 296.

-1101101, 101, 100, 111111111,
298, 305, 312.

—- 0111011110 110, 256.

-- Alexander, 284, 298, 299, 800.

cameron, (0010111010) 1011000ος 2221 11,
208, 275.

000101100011101111001101101111000,11, 806.

0010110, 1011001100 110, 268.

Candide 01100 01100010011101000, 260, 265.

00010111111110110001 801, 888, 886, 889;
11100.

00110100, ll.

carduo, 1011110000, 851.

00111111, Simon, 829.

’ 00110111, (00110111) 101100, 447.

0010011110 11100111, 1101101100, 445.

-· 1111111000οΙ1, 284.

001011οι, 1110101000 ll, 278.

0010010, 11110100010, 72.

001001, lohannes, 868.

001100, (0011000, 001011) 1011001100, 204 ;
11, 101, 100, 111.

onnon, Alexander, 204; 11, 201, 218.

caune, 1011110000, 222.

001111, (0011111,) 0011100 de, 1011011000 Se-
0000011οε 900010, 10100000, 112, 114,
129, 137, 130139, 140,101,399. ’

00001, 10111011, 245.

001100000100110001110, 1111111000, 18

00110010(0011111000,0010011,)0010011, 11010-
01110106.

-000100 Georgius 1001101100 mgni,
200.

--·- lohannes, 804.

001011, willelmus, 11, 112.

0010, Alexander, ll, 211.

’ 011011111’,11100111111,11., 268.

0110110110, Patricius, 258, 259.

0110111000, Willelmus, 54.

- Thomas, 888.

- walterus, 11, 216.

0110101000, 1111001110, 40, 41.

—- 11100111 de, 40, 41.

-- 1103010000, 40.

0110110101,(0111110101,)10110 01, 244, 424,
425, 4513 11., 114, 215, 323.

- Τ1100100,801,888; 11, 209, 216.

--· 1211101000811, 844.

- Alexander, 8111, 820, 834.

- 1100110110, 846, 841 ; ll.. 229.

- Andreas, 11, 808.

-- David, 010, 011, 011.

- 0111101100, 821, 842.

- 18011000, 849.

Chen, (0110100,011000,0110111,) laurentius,
11, 228.

—Dominus Reginnldus 10, poter et
11101, 00, 101, 111, 111, 110, 110, 015.

 

