333

Moldmm, 31112222323437, 159.

-- willelmus de, 34, 53, 54, 07, 39,
lmfflfflm

- 112222, 30, 3353 11, 334.

-- Georgius, 32 lyve, 121122, 431.

- 32212122, 373, 374.

1121122, <lominus 32, ΙΙ, 153.

··— 21122 32, laurencius, 10.

-- 211122 32, Adam, 11, 334.

112122(1121222,)123221212,22;11,
143.

11221221, (1122212212) 222222 32, nobum.
222222 32 Fyfe, 2132 Fyfo.

— 222222 32, 1122112222 45, 157.

-— 311112122232112222, 359.

11221121, 31212222 32, 32 31121222Ιᾶ22,
mmm

-- 1212222232, 113.

11222212, (11222132 1122222, 11222122)
3122211322, 333, 333, 314, 333, 3373
mmm ‘

-mfflfflssm

-— 121222, 337.

- eilbertus, 212, 222, 222, 222, 221,
mmmmmmm
&mmmmm

-- '1'th 32 3111233212 397, 447.

—-· 3232222 354, 355, 300, 378,
335.

1122222, (Mem) 1112121222 190.

- Danum 37.

-. 11121221, 349.

- 11223222, 349, 350.

Meroen-r, 1122222221, ΙΙ, 379.

1122222122, willelmus, 374.

1112122132 . . . ·, 37, 333.

INDEX

11121221, 3113211222, 331.

—- 22221222, 11, 333.

1112121222, olibanus, 315, 313.

-— 1232222, 335.

-12122222, ΙΙ, 319.

Misy, (1123222,)3111121222, 177, 303,

305.

-12122222 333.

-1222122 11, 335. ,

11232221, (11232221,)312112222, 194.

—mmmmmm
2233123113.

11232232, 3111121222 32, 14.

1121223122, Hugo 32, 135.

- lohannes 32, 133.

11221122,3111121222, 333, 11, 331.

1122122211, Alexander, 313, 351, 337, 310 ;
11. 333.

11222122, Μ211222, 339.

1122222221, (1122122222, 1122222212)
1112122132, 93. ·

- 1212222232, milen, 11.‚ 393.

- 1222223211, 333.

-- 1122121232,11,383.

-- 1111221211 32, 11, 333.

-- 2212232322 32, ll, 93, 139,
170.

- 1111321312, 11, 334.

-- 3212122, 1111322232, ΙΙ, 333.

- 1232222, 11113222 32, ll„ 333.

Μοῃγροῃγ, willelmus, 394.

112212, 3222 32, 305.

Monte, 3111121222 32, 11, 130, 131, 157,
153.

Monte-Alto, 1112222122 32, 11., 53.

Montgomerio, (12121222 Alexander, 330.

 

