376 INDEX

893 11.. 52, 55, 60, 71, 75, 34, 37,
38, 107, 150.

1111111111, mansio, 1111111111, 231,
233, 331, 332, 333, 3343 II, 152,
215, 223, 253, 254.

111111111, 27, 112, 242.

1111111111, (1111111111) 371, 373.

11111111,174.

1111111111, tem, 337.

11111111, 31.

1111111111,(011111111,)111111111111111, 230,
231, 292.

1111111111, 243.

11111, (11113113593 11, 52, 55.

Kfflffimmfflz

111111111111, (1110111111111, 1111111111
mund, 1111111111111) 1111111111, 25.

-1111111ωη1
54, 55, 277.

111111, 11 11111111, IL, 277.

111111111, matrum 11, 33.

1111111111, 333.

111111, boroni· 11, 210.

- 1111111, 251.

Κὼωηῶ1111.

1111111, ΙΙ, 52, 55.

1111111111, tem 11, 253, 237.

111111111,111111111111 de, 43.

—-· 1111111, 276.

11111111, 303 11, 52, 55.

Κ11111111, 1111111111, 335 ; 11„ 233.

111111111111111,11111 of, 247.

1111111111, 111, 458.

1111111 111111, 377.

111111, 34.

1111111111, 35.

1111111111, 153.

1110111111, (1111111111, 1111111111)
1111111111, 70, 73, 90, 168, 133, 203.

-- 11111111 11, 101, 102, 103, 334 ,·
111111111
150.

1111110111, 11, 52, 55.

Κ111111111, (1111111111, Κ1111111) 252,
2ffimmmwwmmn
ffimwwwmmmmm
mmm&

- 1111111111, 350, 430.

- vicecomitatus 11, 353.

-— in 1111, ΙΙ, 233.

-- -O'Nele, 51, 65, 33, 354; II„ 273.
274.

- ecolesinae, 34.

-- 1111111111 11, 354.

--· 1111111, 354.

11111111111, in 1111, 14, 1303 ΙΙ, 52, 55.

11111111111,(Κ11111111,) 31, 103, 112,
tmmmmfflfflmmm
66, 05, 36, 108.

Kynellor, 11111 11, 321.

Κ11111111, 13.

111111111313.

11111111, 53, 425, 427, 430 ; 11„ 53, 55.
65, 71, 9191101, 113, 203, 253,
255.

1111111111, (1111111111, Κί1111111, 1111-
111111, Κ111111111,) 1111111111, 7,
sQQmmmfflma

1111111111, 11, 52, 55.

1111111111, (Κ111111,) 11111111, 103.

 

