330 INDEX

11311313133113, John, 441.

1113113, Ρ31113131, 312.

1111111113,1133111111 11311311131131, 37, 57.

131113113111, 128, 155.

133311, (1113311111) lohannes 113, 221 3 ll.,
273, 231.

1333131111, ΙΙ., 128, 155.

1331311, Andreas, 295, 301, 329, 332,
338.

1311111133, (1331111333, 1311313333)
13113333 113, 220, 322, 333, 448, 452.

- Alexander, 298, 302.

- 1131131131, 339.

-- 111113, 442; ΙΙ., 298.

-—- 1133331111, 332, 373.

—-· Η3311331, 340.

-- Ρ111131111,372.

-- 1133111111, 373.

-— 1111111, 373, 397, 437 3 ΙΙ., 223.

-- Robertus, 3603 11, 298.

- willelmus, 301, 333, 339, 340, 342,
311, 313 ; 11, 313111, 333.

Andreas, 3133113333, 13; 11, 275, 318.

-31311333, 202.

-- 111111 niardi, 185.

-11111 1111113133, 133, 331.

— 111111 11131131, 185.

-- 111133 1131131111, 202.

-- 111111 nimai, 135.

- 3311331113 11133113, 13.

1311133, Alexander, 255, 256, 233.

- 1111113133331, 11, 275.

-— 1311131131, 311, 312, 329; ΙΙ., 129,
133, 111, 133.

-- Thomu, 230, 305, 310.

- 1111131111,331; 11, 131, 131.

1311133, 1111331311, 375.

- 31111111, 300.

131311333,(13111133,)1131311,331,382.

-113111111133 332, 388.

Augus 3311131113,1131111113111, ΙΙ., 303.

-- como· 113, (11111111, 13.

1113111131, filius 1113113131, 54, 39, 80.

- filius 1113111, 219, 220.

Aquino, (1113111313) 1131311113, ΙΙ., 128.
132, 155.

Argyle, (Ε1ῃ13,)333131 113, colinus, 291,
331, 333.

- 3311131113,113111111131,348;11,303.

11313111,Τ133111, ll., 228.

1131111331, (1111131111, ΙΙ., 58.

1111, Andrus 113, 47.

11113111, 13133, 397 ; ll.. 218.

11113113, 1113113033311131111313, 453.

·- 1111311131, 243.

- 1111 31, 250.

1333111331, 259.

111113, 13111311, 329.

11113133, 2111131331234, 293.-

13813ιί1311, 128, 155.

1111111131,Μ11113113,11., 278, 280.

-1311131133, ΙΙ., 285.

111111γὶ1 (Affinis, 1111111,)Τ131311, 340,

“ 311, 11, 113.

-- Willelmus, 301.

1311113113, walterus, 329.

111311131131133, ΙΙ., 93, 98.

13333113133113111,111111311, 291, 294.

11111111131131113331, 172.
3111333311, (33333333111111113333111, 813-

 

