LOCORUIL

Kynnemy, 99919119 09, 23.

11111111, 55, 59, 51, 91, 191, 195, 191,
127, 128, 159, 100, 240, 303, 304,
321, 340, 341, 343, 344, 340, 347,
951, 959, 4213 11, 91, 199. 919, 991,
220, 220, 230.

—- 99911909, 410.

-mm0m

1119519999, IL, 202.

1111111111,(1111191191,1 tem, 290, 291.

111111191111111, 19119, 210.

11991191, 11, 52, 55.

1911111111, 1911119, 422, 450.

11111191, 11.. 52, 50.

— -119911911, 99919919 09, 95, 00, 97,
98, 99, 276, 3841 IL, 00, 80, 87, 95,
99, 199119, 159.

- -Μ91, 99919919 09, 10, 307, 308,
991; 11, 91, 99, 91, 95, 99, 199,
150.

11111199, 9991991909, 4,71 ΙΙ., 39, 48, - -11911191911,(-119111199,)191191,99-

120.

1111111911, 9111111191, 254, 255311,
201.

1991111319, 119119 19:105, 310, 430, 432 1
11, 301.

1199101911, 377.

1111111111, tetrade, 420, 421, 450.

Inthtquhy, 309.

19911901, 19119 09, 293.

lam, 19, 21, 29 ; ΙΙ., 999, 999, 991.

11911019, IL, 292.

1900999111, (1190091199) 240, 388, 421.

1191199111, 1111911, 251.

119911, 99919919 de, 25 1 11, 54, 55.

119111, 101.

, 1191111901, 19119 09, 270, 279, 2801 11,

152.
—- 11119 09, 277.
1119110999,(111111(19119,) 3341 11, 308,
915, 919.

111111-111911119119111119, 19119 de, 277, 278,
279.
vol.. 11.

511

919919 09, 161 IL, 52, 55.

1199911191οῐ9 19119, IL, 301.

1199111111, 273.

11999111,199119 91, 353, 437.

Lugdunum, 21 3 IL, 38, 281.

1191109119, (11990919) monasterium de,
136, 430.

1111919999, 831 ΙΙ., 52.

—- 19999 de, IL, 274,

11119119, 11, 53, 56.

11911919,(119111919,1191911191,) ΙΙ., 53, 56,
50, 11, 91, 90, 191, 252, 254.

091119099191119 (1191119οω1191) tem,
240, 249.

1191111990, 0991119109 91, 245.

11099199919911, (0910191999911, 1191019-
191119, 1991999119) 19119 09, 38, 53, 00,

. 99, 99, 991, 202, 214, 215, 959, 490,

4441 ΙΙ., 152.

1191919919911, (119999190111911911199111)
15, 1, 0, 94, 434, 440 1 11, 129.
Mulyngsyd, 388.

 

