374 , INDEX

801011, 95, 96, 108.

8010008100101, 106, 110, 111,174.

8010101000, (8010101110) 1011010, 106,
Qmmmmmm
ΙΙ., 151.

-- molendinum 10, 103, 110, 111,
mm

1³0er 893, 385 3 ΙΙ., 858, 854.

- ecclesia 10, 893 3 ΙΙ., 58, 55, 56,
mmmmm

-- 1011010, 187, 843.

801111, (8011100) 0001001010, 83, 74, 75,
&Qmmmwffiffl
86, 87, 150. ’

801101, 3, 4, 8, 79 3 ΙΙ., 873.

-- 11000οωί0101 10, 888.

80110, 00010110 10, 83; ΙΙ., 53, 55.

8011100, 11„ 53, 56.

8010000, ΙΙ., 53.

801111, 0110010, 45, 69, 79, 841.

8011111111, ΙΙ., 874.

8010110111, 1011010, 160.

8000110011, (8001011000) 1011010, 55,
57.

8011, (8011, 80110, 8011100, 8111010) 881,
853, 889, 319, 859, 410, 411, 481,
mmmwwmm
816, 888, 887, 888, 834.

—ffimwww

-- 10110, 399.

-mmm

801101100010, ΙΙ, 879, 880, 833.

8010100, (80110100) ΙΙ., 58, 56, 66, 95,
Qm

8011110110, 1001 01, 449.

Μωωω1

8100011000, 316.

8111010, 10010 01, 386.

8111100110, 86.

811111,11, 58, 56, 876.

81101111, vide 8111101111.

810300, 1011010, 445.

810101101, (8110111, 81010101,)10110 10,
55, 56, 160, 874, 349, 357, 444.

8108001, (81030110) 1365 191, 198, 454.

Eme, (111101.) ⁹·

-- 0110010, 43.

-·· 110011010, 841 ΙΙ., 53, 55.

8111, (81110, 811110) 56, 3531 ΙΙ, 66,
95, 17,108, 150.

-- 00010010 (10, 88 ; ΙΙ., 53, 56.

- hospitale S. Petri 10, 884, 885, 886,
887, 888.

(1010111111, (0011101010, (10101011οΙ1, 00101101,
9011011011) capella 10, 346.

-- 10110 de, 90, 91, 98, 94, 99, 198,
197,198, 818, 370,- II., 67, 99, 109,
Qmm

(1011011180, 1011010, 391.

(10101110ηεὶ0 episcopatus, ΙΙ., 51.

(1010011, 0001001010, 88 ; ΙΙ., 53, 56.

(1011100101 11010, 010110, 365.

(101101, 11010, 111.

(10110110, 83. .

(1010111111, ΙΙ., 888.

1101010301, ΙΙ., 873.

(10111011, 377.

. (1011110011,((10111000111,(101000111,00111,)

000000οω000
mmmmfflmffimma

 

