NOMINUM.

01100, 1100110011 10,11., 278.
-00101011110,11.,11.,277. ,
- 1110111001 10, 47.

- 1011011001, 221 ; 11, 216, 220.
0111101100, (0110001110) willelmus, 408;

11.. 210, 215, 223.

0110ῐί01000, Georgius, 280.

011101,.10111101101, 165.

- Alexander, ΙΙ, 203.

—- 01011011, 203.

clut, 5011001101, 234, 237, 244, 252, 253,
208, 273, 274, 275, 276, 277, 278,
279, 280, 302, IL, 67, 68, 99, 109,
142, 143, 148, 153, 159, 203, 213,
231, 297.

- 1100011101, 239, 255, 268, 276, 280 ;

11, 153.

-—— 11101011, 274.

-00010

—- 1100101 00,11., 146.

-— 1100101110, 0111101101, 11, 278.

·- Ρτο1101100110100,11.,92, 189, 171.

Clemens pupu 111, 11.,149.

- papa vl, 1101110111, 111, 111,
· 111,101,110,110, 111, 111.

-- 00011111, IL, 151, 258.

Clericus, (010111,).1011110001, 220, 215,
300, 304.

- Thomu, 287, 298, 297.

- 10001101, 204, 295.

- 1141111245.

- 1101101101, 340.

-- 10111011, 441.

-- 10010, 443.

- 31000110, 204, 295.

- 1110011011511011.

01011, Alexander, 11, 303.

·- 91111111, 232.

- Willelmus, ΙΙ, 233.

0001111110, 1011110001, 360.

0001111000, prebendarius 00, ll, 92, 189.

0011110111 de Lungwun, 11101, 11, 288.

colimne, Duvid, 289, 301, 313 ; ll, 302.

- 10100001, 289, 313, 338, 339, 397 ,
43ος 11, 228, 230, 232, 235, 301.
302.

00110, Georgius, Il., 256.

001010100οη0, (1111101100 de, 165.

Colonia, 10100001 de, 172.

coll, 71101011, 277.

colvile. 11101011 de, 189.

001000110090001, Il., 127.

00101110, (001111110011111103, (lummyug,)
000101 de 31101100, uide Buuhuu.

- willelmus, 0, 11, 11, 11.,111,
277.

——- lohannes, 53, 3871 11, 99, 213,
225, 319.

- 1110010011, 101101, 11, 287, 288.

—— 11130011.

Coningume, (Cuuyughum,) 11101011, 233.

-- 1101101101, 259.

00000, 1100001101, 11, 324.

00100001, unbertus, 341.

00111οἱ, 1900011101 de, 189. .

00111111, 1011101101 de, 11, 59.

0001100, (0111110, 00110110) 1011001101 110,

“ 111,111,111,110,·11.,110.

- 1110100001, 311, 315, 333, 337 3' ll,
11, 101, 110.

-- 1100011003οὼ 11, 224.

- Ηο011001, 305.

 

